2 1.703162 0.000962
4 2.100684 0.001042
8 2.645835 0.000922
16 3.295703 0.001102
32 3.608804 0.001143
64 3.912297 0.001573
128 4.159322 0.001804
256 3.900377 0.002405
512 4.095049 0.003607
1024 5.473691 0.008065
2048 4.746874 0.017182
4096 6.122358 0.024407
8192 7.434375 0.051759
16384 8.826935 0.097777
32768 10.030442 0.185815
65536 10.242633 0.364827
131072 12.764821 0.850204
262144 16.567877 1.670851
524288 24.483955 4.693511
1048576 44.839073 7.025475
2097152 60.123840 11.467647
4194304 110.864304 22.706848
8388608 203.840103 46.249527
